{
  "advancedEditorSelectedIdentifier" : "ProjectBrowser",
  "openSceneRelativePaths" : [
    "Earth.usda",
    "mercury.usda",
    "Venus.usda",
    "Saturn.usda",
    "Jupiter.usda",
    "Mars.usda",
    "Uranus.usda",
    "Neptune.usda",
    "Pluto.usda",
    "Earthmoon.usda",
    "Materials\/Galaxy.usda",
    "EM.usda",
    "Rocket.usda",
    "Scene.usda",
    "Capsule.usda",
    "Galaxy.usda",
    "Galaxy2.usda",
    "solarsystem.usda"
  ],
  "recentIdentifiers" : {
    "5D8FBCAA-7732-4882-AAD6-57FD476A4DE2" : [

    ],
    "91A0DBE6-058E-445E-A4D2-E8F97F312B91" : [

    ],
    "165FF7ED-48CA-456C-888C-F3168B504D71" : [

    ],
    "0548D956-B9C9-4C58-9332-DD081C9F2F64" : [

    ],
    "D66134B1-3681-4A8E-AFE5-29F257229F3B" : [

    ]
  },
  "sceneCameraHistory" : {
    "4FC320A5-7B5E-4BA4-A40F-DF6680298175" : [
      {
        "date" : 724544452.65969,
        "title" : "Untitled",
        "transform" : [
          0.10784501,
          -5.3569347e-06,
          0.99416775,
          0,
          -0.35090035,
          -0.935639,
          0.038059812,
          0,
          0.930182,
          -0.35295838,
          -0.10090588,
          0,
          0.7031807,
          -0.17324114,
          0.066713236,
          1
        ]
      },
      {
        "date" : 724544446.935486,
        "title" : "Untitled",
        "transform" : [
          0.31302378,
          1.5175374e-09,
          0.94974536,
          0,
          -0.9491667,
          0.034899563,
          0.3128331,
          0,
          -0.033145737,
          -0.99939084,
          0.010924402,
          0,
          0.101547934,
          -0.7110538,
          0.11409108,
          1
        ]
      },
      {
        "date" : 724544443.311084,
        "title" : "Untitled",
        "transform" : [
          0.4408905,
          1.5175389e-09,
          0.89756095,
          0,
          -0.89701414,
          0.034899563,
          0.4406219,
          0,
          -0.03132453,
          -0.99939084,
          0.0153869,
          0,
          0.11629848,
          -0.7110538,
          0.099012196,
          1
        ]
      },
      {
        "date" : 724544430.449447,
        "title" : "Untitled",
        "transform" : [
          0.9993188,
          0,
          0.036902625,
          0,
          0.01845131,
          0.8660254,
          -0.4996593,
          0,
          -0.031958614,
          0.49999988,
          0.8654355,
          0,
          -0.030353589,
          0.47552472,
          -0.13506174,
          1
        ]
      },
      {
        "date" : 724459260.017127,
        "title" : "Untitled",
        "transform" : [
          0.99999994,
          0,
          -0,
          0,
          -0,
          0.8660254,
          -0.49999988,
          0,
          0,
          0.49999988,
          0.8660254,
          0,
          4.0650364e-05,
          0.14443487,
          -0.7079655,
          1
        ]
      },
      {
        "date" : 724441200.708715,
        "title" : "Untitled",
        "transform" : [
          0.99999994,
          0,
          -0,
          0,
          -0,
          0.8660254,
          -0.49999988,
          0,
          0,
          0.49999988,
          0.8660254,
          0,
          0,
          0.18087538,
          0.31328535,
          1
        ]
      }
    ],
    "5D8FBCAA-7732-4882-AAD6-57FD476A4DE2" : [
      {
        "date" : 724544222.101286,
        "title" : "Untitled",
        "transform" : [
          0.98034817,
          0,
          -0.19727527,
          0,
          -0.09863764,
          0.8660254,
          -0.490174,
          0,
          0.17084548,
          0.49999988,
          0.8490064,
          0,
          -0.009614088,
          0.18893822,
          0.7979609,
          1
        ]
      },
      {
        "date" : 724544204.593373,
        "title" : "Untitled",
        "transform" : [
          0.9525018,
          0,
          -0.30453303,
          0,
          -0.15226652,
          0.8660254,
          -0.4762508,
          0,
          0.26373342,
          0.49999988,
          0.82489073,
          0,
          0.08515753,
          0.19204995,
          0.5786847,
          1
        ]
      },
      {
        "date" : 724544201.636787,
        "title" : "Untitled",
        "transform" : [
          0.9525018,
          0,
          -0.30453303,
          0,
          -0.15226652,
          0.8660254,
          -0.4762508,
          0,
          0.26373342,
          0.49999988,
          0.82489073,
          0,
          0.07203442,
          0.19327508,
          0.48950714,
          1
        ]
      },
      {
        "date" : 724544195.886768,
        "title" : "Untitled",
        "transform" : [
          0.9908011,
          0,
          0.13532579,
          0,
          0.06766286,
          0.8660254,
          -0.4954005,
          0,
          -0.117195524,
          0.49999988,
          0.858059,
          0,
          -0.1457832,
          0.19327508,
          0.47281438,
          1
        ]
      },
      {
        "date" : 724544112.077363,
        "title" : "Untitled",
        "transform" : [
          0.99999994,
          0,
          -0,
          0,
          -0,
          0.8660254,
          -0.49999988,
          0,
          0,
          0.49999988,
          0.8660254,
          0,
          0,
          0.18087538,
          0.31328535,
          1
        ]
      }
    ],
    "8D63BF15-24CA-476C-9ADF-5A5CE2928EFC" : [
      {
        "date" : 724461337.446044,
        "title" : "Untitled",
        "transform" : [
          0.99999994,
          0,
          -0,
          0,
          -0,
          0.8660254,
          -0.49999988,
          0,
          0,
          0.49999988,
          0.8660254,
          0,
          0,
          0.18087538,
          0.31328535,
          1
        ]
      }
    ],
    "012E9E22-57A6-4A7A-B97C-CB432E0A54DA" : [
      {
        "date" : 724752263.323672,
        "title" : "Untitled",
        "transform" : [
          1,
          0,
          -0,
          0,
          -0,
          0.8660254,
          -0.5,
          0,
          0,
          0.5,
          0.8660254,
          0,
          0,
          0.23875366,
          0.4135335,
          1
        ]
      }
    ],
    "24ED6830-001B-44A0-8FA6-30D759D2523C" : [
      {
        "date" : 724689761.462917,
        "title" : "Untitled",
        "transform" : [
          0.99130017,
          0,
          -0.13162075,
          0,
          -0.06581036,
          0.8660254,
          -0.49564993,
          0,
          0.11398693,
          0.49999994,
          0.8584912,
          0,
          2.175257,
          9.541696,
          16.38292,
          1
        ]
      },
      {
        "date" : 724689502.405192,
        "title" : "Untitled",
        "transform" : [
          0.99999994,
          0,
          -0,
          0,
          -0,
          0.8660254,
          -0.49999988,
          0,
          0,
          0.49999988,
          0.8660254,
          0,
          0,
          0.20133828,
          0.34872812,
          1
        ]
      }
    ],
    "60C743A5-B74E-4CE2-9C8F-800E0BE213BC" : [
      {
        "date" : 724461872.17443,
        "title" : "Untitled",
        "transform" : [
          0.99999994,
          0,
          -0,
          0,
          -0,
          0.8660254,
          -0.49999988,
          0,
          0,
          0.49999988,
          0.8660254,
          0,
          0,
          0.18087538,
          0.31328535,
          1
        ]
      }
    ],
    "90C184A3-6A9C-4852-99BB-640DD69B2378" : [
      {
        "date" : 727280960.088248,
        "title" : "Untitled",
        "transform" : [
          0.7007979,
          0,
          0.71336,
          0,
          0.35667995,
          0.8660255,
          -0.35039893,
          0,
          -0.6177879,
          0.49999988,
          0.60690874,
          0,
          -1.8523484,
          1.4949355,
          1.6460009,
          1
        ]
      },
      {
        "date" : 727280951.286549,
        "title" : "Untitled",
        "transform" : [
          -0.13138314,
          0,
          -0.9913317,
          0,
          -0.4956658,
          0.8660255,
          0.06569156,
          0,
          0.8585185,
          0.49999988,
          -0.113781095,
          0,
          2.42506,
          1.412352,
          -0.32139784,
          1
        ]
      },
      {
        "date" : 727280941.854466,
        "title" : "Untitled",
        "transform" : [
          -0.13138314,
          0,
          -0.9913317,
          0,
          -0.4956658,
          0.8660255,
          0.06569156,
          0,
          0.8585185,
          0.49999988,
          -0.113781095,
          0,
          0.3869139,
          0.22533819,
          -0.051278446,
          1
        ]
      },
      {
        "date" : 727280927.388336,
        "title" : "Untitled",
        "transform" : [
          0.03898715,
          0,
          -0.9992397,
          0,
          -0.49961975,
          0.8660254,
          -0.019493565,
          0,
          0.86536705,
          0.49999988,
          0.033763908,
          0,
          2.5760775,
          1.488431,
          0.10051041,
          1
        ]
      },
      {
        "date" : 727280688.819055,
        "title" : "Untitled",
        "transform" : [
          0.30651942,
          0,
          -0.9518644,
          0,
          -0.47593212,
          0.8660254,
          -0.15325968,
          0,
          0.8243388,
          0.49999988,
          0.26545367,
          0,
          1.6067781,
          0.9745863,
          0.5174148,
          1
        ]
      },
      {
        "date" : 727280683.435815,
        "title" : "Untitled",
        "transform" : [
          0.8335314,
          0,
          0.5524721,
          0,
          0.276236,
          0.8660254,
          -0.4167656,
          0,
          -0.47845492,
          0.49999988,
          0.7218594,
          0,
          -1.049937,
          1.0972165,
          1.5840719,
          1
        ]
      },
      {
        "date" : 727280677.852575,
        "title" : "Untitled",
        "transform" : [
          0.8659993,
          0,
          -0.50004536,
          0,
          -0.25002262,
          0.8660254,
          -0.43299955,
          0,
          0.43305197,
          0.49999988,
          0.7499774,
          0,
          1.0351529,
          1.1951832,
          1.7927207,
          1
        ]
      },
      {
        "date" : 727280675.568828,
        "title" : "Untitled",
        "transform" : [
          0.8659993,
          0,
          -0.50004536,
          0,
          -0.25002262,
          0.8660254,
          -0.43299955,
          0,
          0.43305197,
          0.49999988,
          0.7499774,
          0,
          0.4539841,
          0.5241681,
          0.7862285,
          1
        ]
      },
      {
        "date" : 727280635.687525,
        "title" : "Untitled",
        "transform" : [
          0.99999994,
          0,
          -0,
          0,
          -0,
          0.8660254,
          -0.49999988,
          0,
          0,
          0.49999988,
          0.8660254,
          0,
          0,
          0.18961376,
          0.32842067,
          1
        ]
      }
    ],
    "91A0DBE6-058E-445E-A4D2-E8F97F312B91" : [
      {
        "date" : 724861097.492814,
        "title" : "Untitled",
        "transform" : [
          0.99999774,
          0,
          0.002105711,
          0,
          0.0010528554,
          0.8660254,
          -0.49999878,
          0,
          -0.0018235995,
          0.49999988,
          0.8660235,
          0,
          -2.316217,
          27.207539,
          17.394098,
          1
        ]
      },
      {
        "date" : 724858416.816005,
        "title" : "Untitled",
        "transform" : [
          0.99999774,
          0,
          0.002105711,
          0,
          0.0010528554,
          0.8660254,
          -0.49999878,
          0,
          -0.0018235995,
          0.49999988,
          0.8660235,
          0,
          -0.013179161,
          3.6135013,
          6.2587557,
          1
        ]
      },
      {
        "date" : 724858319.491158,
        "title" : "Untitled",
        "transform" : [
          0.99999994,
          0,
          -0,
          0,
          -0,
          0.8660254,
          -0.49999988,
          0,
          0,
          0.49999988,
          0.8660254,
          0,
          0,
          0.20161714,
          0.3492112,
          1
        ]
      }
    ],
    "99EF1D7A-D02C-4F4D-8DD9-7B4D1176046E" : [
      {
        "date" : 727281507.433803,
        "title" : "Untitled",
        "transform" : [
          0.99999994,
          0,
          0,
          0,
          0,
          0.8660254,
          -0.49999988,
          0,
          0,
          0.49999988,
          0.8660254,
          0,
          0,
          0.5782529,
          1.0015635,
          1
        ]
      },
      {
        "date" : 727281503.78183,
        "title" : "Untitled",
        "transform" : [
          0.99999994,
          0,
          0,
          0,
          0,
          0.8660254,
          -0.49999988,
          0,
          0,
          0.49999988,
          0.8660254,
          0,
          0,
          0.30230135,
          0.5236013,
          1
        ]
      },
      {
        "date" : 727281455.269177,
        "title" : "Untitled",
        "transform" : [
          0.99999994,
          0,
          -0,
          0,
          -0,
          0.8660254,
          -0.49999988,
          0,
          0,
          0.49999988,
          0.8660254,
          0,
          0,
          0.18961376,
          0.32842067,
          1
        ]
      }
    ],
    "165FF7ED-48CA-456C-888C-F3168B504D71" : [
      {
        "date" : 727620243.333803,
        "title" : "Untitled",
        "transform" : [
          0.7717299,
          0,
          -0.63595045,
          0,
          -0.31797534,
          0.8660253,
          -0.38586506,
          0,
          0.5507491,
          0.5000001,
          0.66833764,
          0,
          4.4086175,
          3.8358371,
          4.7314944,
          1
        ]
      },
      {
        "date" : 727620235.542188,
        "title" : "Untitled",
        "transform" : [
          0.992037,
          0,
          0.12594639,
          0,
          0.062973194,
          0.8660253,
          -0.49601865,
          0,
          -0.10907276,
          0.5000001,
          0.8591292,
          0,
          -0.3011063,
          3.2777078,
          5.494211,
          1
        ]
      },
      {
        "date" : 727620233.292324,
        "title" : "Untitled",
        "transform" : [
          0.992037,
          0,
          0.12594639,
          0,
          0.062973194,
          0.8660253,
          -0.49601865,
          0,
          -0.10907276,
          0.5000001,
          0.8591292,
          0,
          -0.5086744,
          5.5372005,
          9.281653,
          1
        ]
      },
      {
        "date" : 727360941.23305,
        "title" : "Untitled",
        "transform" : [
          0.992037,
          0,
          0.12594639,
          0,
          0.062973194,
          0.8660253,
          -0.49601865,
          0,
          -0.10907276,
          0.5000001,
          0.8591292,
          0,
          -0.36643863,
          1.6797895,
          2.8863134,
          1
        ]
      },
      {
        "date" : 727360939.750368,
        "title" : "Untitled",
        "transform" : [
          0.9616146,
          0,
          -0.2744035,
          0,
          -0.13720179,
          0.8660253,
          -0.48080742,
          0,
          0.23764038,
          0.5000001,
          0.8327826,
          0,
          0.78542006,
          1.6525384,
          2.7524116,
          1
        ]
      },
      {
        "date" : 727360916.673586,
        "title" : "Untitled",
        "transform" : [
          1,
          0,
          -0,
          0,
          -0,
          0.8660253,
          -0.5000001,
          0,
          0,
          0.5000001,
          0.8660253,
          0,
          0,
          0.22079623,
          0.38243034,
          1
        ]
      }
    ],
    "366E7D37-2BCC-4CBC-8FF2-46D59A86F799" : [
      {
        "date" : 724461822.018275,
        "title" : "Untitled",
        "transform" : [
          0.99999994,
          0,
          -0,
          0,
          -0,
          0.8660254,
          -0.49999988,
          0,
          0,
          0.49999988,
          0.8660254,
          0,
          0,
          0.18087538,
          0.31328535,
          1
        ]
      }
    ],
    "0548D956-B9C9-4C58-9332-DD081C9F2F64" : [
      {
        "date" : 724459297.671148,
        "title" : "Untitled",
        "transform" : [
          0.99999994,
          0,
          -0,
          0,
          -0,
          0.8660254,
          -0.49999988,
          0,
          0,
          0.49999988,
          0.8660254,
          0,
          0,
          0.18087538,
          0.31328535,
          1
        ]
      }
    ],
    "867E7A1B-B0CD-4C40-A99F-6DB18FC97AD5" : [
      {
        "date" : 724461937.162508,
        "title" : "Untitled",
        "transform" : [
          0.99999994,
          0,
          -0,
          0,
          -0,
          0.8660254,
          -0.49999988,
          0,
          0,
          0.49999988,
          0.8660254,
          0,
          0,
          0.18087538,
          0.31328535,
          1
        ]
      }
    ],
    "8458FB2B-4BC4-4BB6-BBFE-363FBC1DFAC7" : [
      {
        "date" : 724773208.297237,
        "title" : "Untitled",
        "transform" : [
          0.98872626,
          0,
          0.14973383,
          0,
          0.074866906,
          0.8660254,
          -0.49436304,
          0,
          -0.1296733,
          0.49999988,
          0.8562621,
          0,
          -618.71027,
          1127.116,
          1316.2751,
          1
        ]
      },
      {
        "date" : 724773205.40966,
        "title" : "Untitled",
        "transform" : [
          0.99999994,
          0,
          -0,
          0,
          -0,
          0.8660254,
          -0.49999988,
          0,
          0,
          0.49999988,
          0.8660254,
          0,
          -150.7049,
          409.657,
          506.68588,
          1
        ]
      },
      {
        "date" : 724773185.507078,
        "title" : "Untitled",
        "transform" : [
          0.99999994,
          0,
          -0,
          0,
          -0,
          0.8660254,
          -0.49999988,
          0,
          0,
          0.49999988,
          0.8660254,
          0,
          0,
          0.20161714,
          0.3492112,
          1
        ]
      }
    ],
    "A36DA33F-8F42-444E-B9DE-7D27C500E032" : [
      {
        "date" : 727338491.953556,
        "title" : "Untitled",
        "transform" : [
          0.99999994,
          0,
          -0,
          0,
          -0,
          0.8660254,
          -0.49999988,
          0,
          0,
          0.49999988,
          0.8660254,
          0,
          0,
          0.18961376,
          0.32842067,
          1
        ]
      }
    ],
    "AF09ED6F-1707-48FD-8720-65B998362C09" : [
      {
        "date" : 724441167.660577,
        "title" : "Untitled",
        "transform" : [
          1,
          0,
          -0,
          0,
          -0,
          0.8660249,
          -0.5000008,
          0,
          0,
          0.5000008,
          0.8660249,
          0,
          0,
          3.1844714,
          3.3983276,
          1
        ]
      }
    ],
    "BCF84503-E83B-4C28-84A1-96DD44365A41" : [
      {
        "date" : 724689796.399793,
        "title" : "Untitled",
        "transform" : [
          0.99999994,
          0,
          -0,
          0,
          -0,
          0.8660254,
          -0.49999988,
          0,
          0,
          0.49999988,
          0.8660254,
          0,
          0,
          0.20161714,
          0.3492112,
          1
        ]
      }
    ],
    "D66134B1-3681-4A8E-AFE5-29F257229F3B" : [
      {
        "date" : 726579685.861162,
        "title" : "Untitled",
        "transform" : [
          0.922495,
          0,
          -0.38600892,
          0,
          -0.19300444,
          0.8660254,
          -0.46124747,
          0,
          0.3342935,
          0.49999994,
          0.7989041,
          0,
          0.37475467,
          0.071305424,
          1.018532,
          1
        ]
      },
      {
        "date" : 726483373.996507,
        "title" : "Untitled",
        "transform" : [
          0.99983925,
          0,
          0.017928114,
          0,
          0.008964057,
          0.8660254,
          -0.4999196,
          0,
          -0.015526203,
          0.49999994,
          0.8658862,
          0,
          -0.15681076,
          0.16717672,
          2.539637,
          1
        ]
      },
      {
        "date" : 726483360.758109,
        "title" : "Untitled",
        "transform" : [
          0.99983925,
          0,
          0.017928114,
          0,
          0.008964057,
          0.8660254,
          -0.4999196,
          0,
          -0.015526203,
          0.49999994,
          0.8658862,
          0,
          -0.03548337,
          1.1420398,
          1.9788843,
          1
        ]
      },
      {
        "date" : 726483202.748543,
        "title" : "Untitled",
        "transform" : [
          0.99983925,
          0,
          0.017928114,
          0,
          0.008964057,
          0.8660254,
          -0.4999196,
          0,
          -0.015526203,
          0.49999994,
          0.8658862,
          0,
          -0.027915454,
          0.8984648,
          1.5568266,
          1
        ]
      },
      {
        "date" : 726483168.904356,
        "title" : "Untitled",
        "transform" : [
          0.99999994,
          0,
          -0,
          0,
          -0,
          0.8660254,
          -0.49999994,
          0,
          0,
          0.49999994,
          0.8660254,
          0,
          0,
          0.20196657,
          0.35001644,
          1
        ]
      }
    ],
    "DFFDE2D1-7BE4-4AD5-9E93-22365B34A07E" : [
      {
        "date" : 724461849.650786,
        "title" : "Untitled",
        "transform" : [
          0.99999994,
          0,
          -0,
          0,
          -0,
          0.8660254,
          -0.49999988,
          0,
          0,
          0.49999988,
          0.8660254,
          0,
          0,
          0.18087538,
          0.31328535,
          1
        ]
      }
    ],
    "E4FAF48E-7A7C-4EBC-943D-CD2E4012EAA8" : [
      {
        "date" : 724861168.677798,
        "title" : "Untitled",
        "transform" : [
          0.99999994,
          0,
          0,
          0,
          0,
          0.8660254,
          -0.49999988,
          0,
          0,
          0.49999988,
          0.8660254,
          0,
          0,
          12.3337755,
          21.362728,
          1
        ]
      },
      {
        "date" : 724690121.562822,
        "title" : "Untitled",
        "transform" : [
          0.99999994,
          0,
          -0,
          0,
          -0,
          0.8660254,
          -0.49999988,
          0,
          0,
          0.49999988,
          0.8660254,
          0,
          0,
          0.20161714,
          0.3492112,
          1
        ]
      }
    ],
    "EAC0CBCD-93F5-452D-9224-94A0A33F64CE" : [
      {
        "date" : 724461907.477199,
        "title" : "Untitled",
        "transform" : [
          0.99999994,
          0,
          -0,
          0,
          -0,
          0.8660254,
          -0.49999988,
          0,
          0,
          0.49999988,
          0.8660254,
          0,
          0,
          0.18087538,
          0.31328535,
          1
        ]
      }
    ],
    "EEDD9494-3CDC-4D24-AC70-FAB3C74D3A00" : [
      {
        "date" : 724753988.53403,
        "title" : "Untitled",
        "transform" : [
          0.99999994,
          0,
          0,
          0,
          0,
          0.8660254,
          -0.49999988,
          0,
          0,
          0.49999988,
          0.8660254,
          0,
          0,
          0.10331035,
          0.21296553,
          1
        ]
      },
      {
        "date" : 724461476.412322,
        "title" : "Untitled",
        "transform" : [
          0.99999994,
          0,
          0,
          0,
          0,
          0.8660254,
          -0.49999988,
          0,
          0,
          0.49999988,
          0.8660254,
          0,
          0,
          0.0689489,
          -0.4993813,
          1
        ]
      },
      {
        "date" : 724461474.729674,
        "title" : "Untitled",
        "transform" : [
          0.99999994,
          0,
          0,
          0,
          0,
          0.8660254,
          -0.49999988,
          0,
          0,
          0.49999988,
          0.8660254,
          0,
          0,
          0.102046385,
          -0.2590698,
          1
        ]
      },
      {
        "date" : 724460529.088164,
        "title" : "Untitled",
        "transform" : [
          0.99999994,
          0,
          -0,
          0,
          -0,
          0.8660254,
          -0.49999988,
          0,
          0,
          0.49999988,
          0.8660254,
          0,
          0,
          0.18087538,
          0.31328535,
          1
        ]
      }
    ],
    "F4EEE578-E223-42EF-A255-02B6C4DF06D6" : [
      {
        "date" : 727187300.241862,
        "title" : "Untitled",
        "transform" : [
          0.9088762,
          -3.8980225e-08,
          0.4170662,
          0,
          0.23580742,
          0.82482,
          -0.51387435,
          0,
          -0.3440045,
          0.5653956,
          0.74965924,
          0,
          -0.6684354,
          0.27521032,
          1.1644675,
          1
        ]
      },
      {
        "date" : 726580434.620043,
        "title" : "Untitled",
        "transform" : [
          0.9975259,
          0,
          -0.070300244,
          0,
          -0.035150114,
          0.8660255,
          -0.49876285,
          0,
          0.060881797,
          0.49999994,
          0.8638828,
          0,
          0.5079915,
          1.5162735,
          5.4487777,
          1
        ]
      },
      {
        "date" : 726496529.680413,
        "title" : "Untitled",
        "transform" : [
          0.9975259,
          0,
          -0.070300244,
          0,
          -0.035150114,
          0.8660255,
          -0.49876285,
          0,
          0.060881797,
          0.49999994,
          0.8638828,
          0,
          0.50636244,
          1.5028946,
          5.425662,
          1
        ]
      },
      {
        "date" : 726496524.28088,
        "title" : "Untitled",
        "transform" : [
          0.99817497,
          0,
          -0.060388044,
          0,
          -0.030194016,
          0.8660255,
          -0.4990874,
          0,
          0.05229758,
          0.49999994,
          0.8644449,
          0,
          0.25381345,
          2.4266264,
          4.1953692,
          1
        ]
      },
      {
        "date" : 726483617.899885,
        "title" : "Untitled",
        "transform" : [
          0.99817497,
          0,
          -0.060388044,
          0,
          -0.030194012,
          0.8660254,
          -0.49908733,
          0,
          0.05229758,
          0.49999994,
          0.8644449,
          0,
          1.1520655,
          11.014519,
          19.04289,
          1
        ]
      },
      {
        "date" : 726483615.353452,
        "title" : "Untitled",
        "transform" : [
          0.999955,
          0,
          0.009490824,
          0,
          0.004745411,
          0.8660254,
          -0.49997735,
          0,
          -0.008219296,
          0.49999994,
          0.86598647,
          0,
          -0.517897,
          31.504951,
          54.565723,
          1
        ]
      },
      {
        "date" : 724861214.284249,
        "title" : "Untitled",
        "transform" : [
          0.999955,
          0,
          0.009490824,
          0,
          0.004745411,
          0.8660254,
          -0.49997735,
          0,
          -0.008219296,
          0.49999994,
          0.86598647,
          0,
          -0.5797574,
          35.26807,
          61.08334,
          1
        ]
      },
      {
        "date" : 724858378.517103,
        "title" : "Untitled",
        "transform" : [
          0.99999994,
          0,
          0,
          0,
          0,
          0.8660254,
          -0.49999988,
          0,
          0,
          0.49999988,
          0.8660254,
          0,
          0,
          5.05894,
          8.7623415,
          1
        ]
      },
      {
        "date" : 724858320.524335,
        "title" : "Untitled",
        "transform" : [
          0.99999994,
          0,
          -0,
          0,
          -0,
          0.8660254,
          -0.49999988,
          0,
          0,
          0.49999988,
          0.8660254,
          0,
          0,
          0.20161714,
          0.3492112,
          1
        ]
      }
    ],
    "F551CBAF-2205-4CCB-B194-D6A3F83A40F7" : [
      {
        "date" : 724461957.401877,
        "title" : "Untitled",
        "transform" : [
          0.99999994,
          0,
          -0,
          0,
          -0,
          0.8660254,
          -0.49999988,
          0,
          0,
          0.49999988,
          0.8660254,
          0,
          0,
          0.18087538,
          0.31328535,
          1
        ]
      }
    ]
  },
  "selectedSceneRelativePath" : "solarsystem.usda"
}